800
231
672
91
87
562
83
979
984
272
125
146
661
446
373
188
363
330
164
828
767
285
460
635
334
612
565
532
611
335
806
291
179
25
53
853
30
264
550
988
433
413
825
468
5
918
623
709
569
540
676
545
572
503
841
615
257
758
570
671
571
284
976
936
751
551
749
562
868
91
2
122
177
398
743
47
968
213
5
858
772
651
864
92
192
486
479
838
337
359
37
861
804
655
967
431
459
237
68
67
767
315
288
597
284
221
691
125
35
999
812
709
860
297
998
851
533
233
501
133
359
549
94
715
243
624
702
717
694
613
83
907
56
294
911
555
328
985
715
707
291
233
965
664
304
869
318
930
59
376
409
437
783
505
839
434
859
482
993
21
621
178
102
954
87
128
531
989
783
334
631
768
356
380
586
929
616
511
637
934
793
962
714
842
263
16
6
127
716
986
230
466
775
538
402
300
361
569
728
916
679
150
819
702
564
884
820
255
61
379
188
981
553
483
816
895
426
289
879
402
273
947
328
927
893
771
202
404
889
172
9
797
495
486
261
31
390
885
905
922
621
136
735
966
450
164
143
142
893
19
459
184
946
77
928
145
5
62
895
478
815
712
66
216
312
756
831
358
139
192
493
971
205
702
916
80
627
490
532
932
555
699
879
801
907
88
840
87
766
572
520
132
283
830
289
796
213
174
835
569
868
503
226
695
112
263
855
575
257
988
861
459
98
186
67
312
145
29
738
555
45
567
494
266
552
949
518
376
929
439
801
287
571
870
548
373
743
511
7
784
781
264
937
61
774
510
662
84
768
887
109
46
765
796
588
211
372
427
59
433
742
681
522
582
609
425
787
249
561
154
264
383
407
281
628
771
432
942
179
623
560
429
447
867
983
112
154
118
591
966
936
754
633
642
341
916
393
343
468
778
304
663
308
911
846
894
244
111
784
306
427
652
789
297
703
488
235
352
603
604
34
268
406
360
679
117
693
354
310
70
887
102
451
272
212
533
312
629
176
144
936
543
167
441
257
353
976
157
117
464
133
640
613
942
714
676
709
644
899
16
905
783
935
790
925
233
293
62
761
718
776
767
161
522
35
384
612
273
464
761
124
876
707
694
703
663
101
961
194
441
200
780
315
119
166
823
64
312
216
220
